100
1 0 2 14 12 13 15
2 2 3 16 6 17 14
3 5 4 5 8 1 1
4 9 3 7 13 14 16
5 12 4 14 16 1 0
6 16 2 6 0 1 12
7 18 3 5 10 5 3
8 21 2 17 9 8 14
9 23 2 12 0 11 12
10 25 3 15 12 7 4
11 28 3 8 11 12 4
12 31 4 13 10 1 2
13 35 4 1 6 16 16
14 39 3 13 15 14 13
15 42 2 16 11 17 9
16 44 4 9 8 17 9
17 48 2 3 5 12 1
18 50 4 9 2 11 13
19 54 2 15 17 6 13
20 56 4 12 7 7 16
21 60 3 17 9 8 10
22 63 4 15 17 2 5
23 67 4 17 12 15 4
24 71 2 10 5 11 16
25 73 3 2 13 16 8
26 76 4 15 12 4 3
27 80 2 7 13 4 2
28 82 2 8 9 1 12
29 84 3 13 9 15 1
30 87 4 5 16 5 14
31 91 4 4 17 4 2
32 95 2 4 16 16 16
33 97 3 1 13 11 1
34 100 2 10 17 4 1
35 102 2 14 4 10 12
36 104 3 14 1 9 11
37 107 3 9 5 4 13
38 110 4 6 12 1 9
39 114 3 16 6 15 8
40 117 4 5 6 3 17
41 121 3 1 2 12 15
42 124 4 1 3 10 16
43 128 2 4 3 4 9
44 130 4 12 3 15 4
45 134 2 1 6 4 0
46 136 2 11 12 9 15
47 138 3 2 12 10 13
48 141 2 10 13 7 0
49 143 3 15 8 5 5
50 146 4 6 8 4 5
51 150 3 7 4 16 4
52 153 4 6 1 14 16
53 157 4 16 7 8 2
54 161 3 14 0 4 4
55 164 2 12 1 3 17
56 166 4 15 1 15 5
57 170 4 14 5 10 9
58 174 2 10 0 9 3
59 176 3 3 13 1 11
60 179 2 4 12 8 15
61 181 2 7 5 13 14
62 183 4 9 16 10 4
63 187 3 12 8 1 6
64 190 4 5 7 7 12
65 194 4 10 17 9 10
66 198 4 7 16 5 3
67 202 2 7 1 12 8
68 204 4 12 9 10 1
69 208 4 5 1 9 15
70 212 3 17 16 9 3
71 215 3 11 4 3 9
72 218 2 8 1 9 2
73 220 3 8 11 15 9
74 223 3 9 10 17 6
75 226 3 11 1 7 17
76 229 4 4 5 8 1
77 233 2 7 4 8 6
78 235 4 16 14 12 7
79 239 4 11 4 17 1
80 243 3 17 3 16 0
81 246 4 4 16 13 6
82 250 4 9 0 11 16
83 254 4 6 1 13 2
84 258 3 14 12 11 16
85 261 2 4 17 14 8
86 263 3 7 0 17 8
87 266 4 4 3 1 16
88 270 2 1 12 8 16
89 272 3 1 7 5 8
90 275 3 17 11 14 1
91 278 2 13 2 13 16
92 280 2 15 12 5 12
93 282 3 16 9 16 1
94 285 3 12 5 14 5
95 288 2 16 5 1 6
96 290 2 4 12 12 4
97 292 3 4 7 6 1
98 295 2 16 9 15 1
99 297 4 2 16 17 5
100 301 3 16 14 17 12
