160
1 12 2 4 19 15 19
2 26 18 10 19 11 19
3 25 24 16 19 7 19
4 9 22 8 19 12 19
5 10 2 5 19 14 19
6 12 30 9 19 2 19
7 14 6 12 19 16 19
8 17 4 15 19 5 19
9 3 29 6 19 18 19
10 22 27 3 19 1 19
11 28 13 18 19 8 19
12 2 8 0 19 3 19
13 28 27 1 19 10 19
14 24 14 7 19 13 19
15 15 0 13 19 9 19
16 28 18 14 19 17 19
17 23 22 4 19 15 19
18 24 29 10 19 11 19
19 21 0 16 19 7 19
20 26 20 8 19 12 19
21 12 3 5 19 14 19
22 19 0 9 19 2 19
23 17 0 12 19 16 19
24 6 26 15 19 5 19
25 30 12 6 19 18 19
26 18 15 3 19 1 19
27 0 14 18 19 8 19
28 28 28 0 19 3 19
29 5 26 1 19 10 19
30 29 5 7 19 13 19
31 4 29 13 19 9 19
32 19 2 14 19 17 19
33 13 10 4 19 15 19
34 24 23 10 19 11 19
35 26 29 16 19 7 19
36 16 26 8 19 12 19
37 4 18 5 19 14 19
38 5 21 9 19 2 19
39 0 3 12 19 16 19
40 19 16 15 19 5 19
41 23 15 6 19 18 19
42 5 10 3 19 1 19
43 24 22 18 19 8 19
44 25 13 0 19 3 19
45 6 14 1 19 10 19
46 22 4 7 19 13 19
47 13 5 13 19 9 19
48 26 1 14 19 17 19
49 7 9 4 19 15 19
50 25 12 10 19 11 19
51 9 0 16 19 7 19
52 21 31 8 19 12 19
53 27 21 5 19 14 19
54 22 31 9 19 2 19
55 28 27 12 19 16 19
56 31 12 15 19 5 19
57 21 13 6 19 18 19
58 13 4 3 19 1 19
59 11 12 18 19 8 19
60 6 31 0 19 3 19
61 12 3 1 19 10 19
62 27 11 7 19 13 19
63 19 27 13 19 9 19
64 3 31 14 19 17 19
65 11 20 4 19 15 19
66 5 11 10 19 11 19
67 24 8 16 19 7 19
68 25 14 8 19 12 19
69 5 31 5 19 14 19
70 15 12 9 19 2 19
71 19 3 12 19 16 19
72 15 15 15 19 5 19
73 13 22 6 19 18 19
74 7 23 3 19 1 19
75 16 23 18 19 8 19
76 12 8 0 19 3 19
77 1 12 1 19 10 19
78 22 17 7 19 13 19
79 27 7 13 19 9 19
80 16 17 14 19 17 19
81 27 26 15 0 0 0
82 17 4 9 0 4 0
83 17 11 14 0 5 0
84 12 31 1 0 1 0
85 0 27 0 0 16 0
86 10 29 7 0 12 0
87 27 24 16 0 7 0
88 20 24 11 0 18 0
89 31 23 13 0 3 0
90 22 27 4 0 9 0
91 15 21 10 0 17 0
92 6 24 8 0 10 0
93 25 0 12 0 13 0
94 7 20 18 0 6 0
95 26 3 2 0 2 0
96 24 17 5 0 15 0
97 25 3 15 0 0 0
98 20 27 9 0 4 0
99 5 2 14 0 5 0
100 22 15 1 0 1 0
101 25 20 0 0 16 0
102 3 13 7 0 12 0
103 7 21 16 0 7 0
104 24 19 11 0 18 0
105 10 21 13 0 3 0
106 5 13 4 0 9 0
107 30 20 10 0 17 0
108 27 12 8 0 10 0
109 27 13 12 0 13 0
110 13 15 18 0 6 0
111 25 27 2 0 2 0
112 8 0 5 0 15 0
113 1 16 15 0 0 0
114 0 20 9 0 4 0
115 2 5 14 0 5 0
116 4 25 1 0 1 0
117 3 22 0 0 16 0
118 1 23 7 0 12 0
119 29 4 16 0 7 0
120 12 29 11 0 18 0
121 11 13 13 0 3 0
122 18 17 4 0 9 0
123 24 11 10 0 17 0
124 0 12 8 0 10 0
125 0 10 12 0 13 0
126 2 15 18 0 6 0
127 18 26 2 0 2 0
128 16 29 5 0 15 0
129 10 10 15 0 0 0
130 25 1 9 0 4 0
131 12 26 14 0 5 0
132 30 1 1 0 1 0
133 11 29 0 0 16 0
134 28 29 7 0 12 0
135 23 2 16 0 7 0
136 10 1 11 0 18 0
137 3 25 13 0 3 0
138 17 20 4 0 9 0
139 25 26 10 0 17 0
140 21 4 8 0 10 0
141 30 11 12 0 13 0
142 2 12 18 0 6 0
143 17 1 2 0 2 0
144 19 26 5 0 15 0
145 5 8 15 0 0 0
146 25 5 9 0 4 0
147 28 25 14 0 5 0
148 4 21 1 0 1 0
149 7 11 0 0 16 0
150 31 0 7 0 12 0
151 17 20 16 0 7 0
152 27 26 11 0 18 0
153 23 15 13 0 3 0
154 8 5 4 0 9 0
155 24 2 10 0 17 0
156 4 24 8 0 10 0
157 14 24 12 0 13 0
158 23 31 18 0 6 0
159 11 22 2 0 2 0
160 12 7 5 0 15 0
