100
1 6 23 17 1 17 17
2 7 4 17 10 16 17
3 10 8 17 7 11 17
4 3 17 17 5 12 17
5 23 9 17 15 4 17
6 20 5 17 16 13 17
7 30 5 17 6 2 17
8 28 6 17 12 6 17
9 20 21 17 1 15 0
10 25 14 17 10 17 0
11 7 4 17 7 1 0
12 16 14 17 5 11 0
13 19 30 17 15 4 0
14 20 5 17 16 13 0
15 16 31 17 6 10 0
16 21 19 17 12 6 0
17 20 21 17 1 14 0
18 25 14 17 10 17 0
19 7 4 17 7 1 0
20 16 14 17 5 11 0
21 19 30 17 15 4 0
22 20 5 17 16 13 0
23 16 31 17 6 10 0
24 21 19 17 12 6 0
25 2 25 17 1 17 17
26 23 13 17 10 7 17
27 18 6 17 7 16 17
28 9 2 17 5 12 17
29 11 21 17 15 4 17
30 31 4 17 16 1 17
31 19 15 17 6 9 17
32 14 12 17 11 8 17
34 26 17 17 10 17 7
35 13 16 17 7 17 1
36 24 14 17 5 17 12
37 6 1 17 15 17 4
38 23 18 17 16 17 13
39 28 21 17 6 17 11
40 22 6 17 12 17 6
41 27 5 17 1 17 17
42 27 5 17 10 17 7
43 0 27 17 7 17 1
44 26 16 17 5 17 12
45 10 19 17 15 17 4
46 30 22 17 16 17 13
47 9 16 17 6 17 11
48 31 11 17 12 17 6
49 31 17 17 1 17 17
50 5 7 17 10 17 7
51 5 23 17 7 17 1
52 14 16 17 5 17 12
53 9 17 17 15 17 4
54 16 1 17 16 17 13
55 22 25 17 6 17 11
56 29 20 17 12 17 6
57 14 14 17 1 17 17
58 3 17 17 10 17 7
59 29 28 17 7 17 1
60 13 20 17 5 17 12
61 24 12 17 15 17 4
62 17 25 17 16 17 13
63 18 1 17 6 17 11
64 6 28 17 12 17 6
65 20 3 17 1 17 17
66 23 27 17 10 17 7
67 25 7 17 7 17 1
68 6 11 17 5 17 12
69 24 3 17 15 17 4
70 19 16 17 16 17 13
71 22 7 17 6 17 11
72 20 28 17 12 17 6
73 0 5 17 1 17 17
74 5 21 17 10 17 7
75 30 17 17 7 17 1
76 20 25 17 5 17 12
77 3 28 17 15 17 4
78 2 13 17 16 17 13
79 5 21 17 6 17 11
80 15 0 17 12 17 6
81 25 23 17 1 17 17
82 14 16 17 10 17 7
83 25 29 17 7 17 1
84 21 22 17 5 17 12
85 3 28 17 15 17 4
86 21 13 17 16 17 13
87 8 20 17 6 17 11
88 26 22 17 12 17 6
89 23 6 17 1 17 17
90 22 17 17 10 17 7
91 15 15 17 7 17 1
92 14 11 17 5 17 12
93 25 20 17 15 17 4
94 19 30 17 16 17 13
95 9 4 17 6 17 11
96 16 21 17 12 17 6
97 21 3 17 1 17 17
98 19 27 17 10 17 7
99 19 22 17 7 17 1
100 23 4 17 5 17 12
